Chunk_Index,Chunk_Start_Time,Orig_RMSE_Omega,Orig_RMSE_Theta,Orig_RMSE_Total,Sim_RMSE_Omega,Sim_RMSE_Theta,Sim_RMSE_Total,Final_Loss,Stopped_Epoch,NaN_Recoveries,Eq_Theta,Eq_Omega,Eq_Omega_Physical
57420,2025-03-12 02:05:00,0.009318,0.218453,0.154610,0.061538,5.543878,3.920355,16.5108,3044,0,1.00000omega,0.001111 + 0.00005theta + 0.00112omega + -0.00001theta^2 + -0.00007theta omega + 0.00029omega^2,0.000199*omega**2 - 2.0e-6*omega*theta + 7.1e-5*omega - 3.0e-6
57421,2025-03-12 02:10:00,nan,nan,nan,nan,nan,nan,32392.8770,17,5,1.00000omega,nan1 + nantheta + nanomega + nantheta^2 + nantheta omega + nanomega^2,N/A
57422,2025-03-12 02:15:00,0.012334,0.498640,0.352699,0.092055,11.336484,8.016369,12.1545,1634,0,1.00000omega,-0.000361 + 0.00044theta + 0.00095omega + 0.00002theta^2 + -0.00031theta omega + -0.00059omega^2,-0.000271*omega**2 - 5.0e-6*omega*theta + 0.000137*omega - 7.0e-6
57423,2025-03-12 02:20:00,0.012429,0.086213,0.061592,0.067451,1.518323,1.074675,0.0275,2146,0,1.00000omega,-0.006891 + -0.14243theta + 0.01983omega + -0.13581theta^2 + -0.00297theta omega + 0.15557omega^2,0.036025*omega**2 - 2.3e-5*omega*theta + 0.000762*omega - 3.5e-5*theta**2 + 0.00015*theta - 1.5e-5
57424,2025-03-12 02:25:00,nan,nan,nan,nan,nan,nan,365.9658,16,5,1.00000omega,nan1 + nantheta + nanomega + nantheta^2 + nantheta omega + nanomega^2,N/A
57425,2025-03-12 02:30:00,0.009286,0.173097,0.122574,0.174423,23.824227,16.846724,4.5621,2556,0,1.00000omega,0.002491 + 0.00002theta + -0.00025omega + 0.00004theta^2 + -0.00002theta omega + -0.00016omega^2,-6.9e-5*omega**2 - 5.0e-6*omega + 9.0e-6
57426,2025-03-12 02:35:00,nan,nan,nan,nan,nan,nan,30445.4336,15,5,1.00000omega,nan1 + nantheta + nanomega + nantheta^2 + nantheta omega + nanomega^2,N/A
57427,2025-03-12 02:40:00,0.018041,0.597091,0.422400,0.041551,1.479718,1.046731,69.6093,1045,0,1.00000omega,0.008871 + -0.01601theta + -0.00256omega + 0.00069theta^2 + -0.00030theta omega + 0.00067omega^2,0.000478*omega**2 - 7.0e-6*omega*theta + 0.000158*omega + 1.0e-6*theta**2 - 5.5e-5*theta + 0.001253
57428,2025-03-12 02:45:00,0.042099,1.467665,1.038223,0.041473,3.784813,2.676427,1389.1011,52,5,1.00000omega,-0.001791 + -0.00001theta + -0.00013omega + 0.00001theta^2 + 0.00001theta omega + -0.00016omega^2,-0.000141*omega**2 - 1.4e-5*omega - 0.e-6*theta + 1.0e-5
57429,2025-03-12 02:50:00,0.012866,0.296320,0.209727,0.052337,5.661916,4.003750,36.7493,1157,0,1.00000omega,-0.003751 + -0.00078theta + -0.00051omega + -0.00007theta^2 + 0.00003theta omega + -0.00019omega^2,-0.000142*omega**2 + 1.0e-6*omega*theta - 3.3e-5*omega + 2.0e-6*theta - 1.3e-5
57430,2025-03-12 02:55:00,nan,nan,nan,nan,nan,nan,90.3251,226,5,1.00000omega,nan1 + nantheta + nanomega + nantheta^2 + nantheta omega + nanomega^2,N/A
57431,2025-03-12 03:00:00,0.013009,0.392631,0.277785,0.051413,3.917937,2.770638,55.2336,1390,0,1.00000omega,0.006001 + -0.00433theta + 0.01313omega + -0.00335theta^2 + -0.00015theta omega + -0.00012omega^2,-0.000103*omega**2 - 4.0e-6*omega*theta + 0.00054*omega - 3.0e-6*theta**2 + 0.000147*theta - 0.001697
57432,2025-03-12 03:05:00,nan,nan,nan,nan,nan,nan,123.5561,35,5,1.00000omega,nan1 + nantheta + nanomega + nantheta^2 + nantheta omega + nanomega^2,N/A
57433,2025-03-12 03:10:00,0.030124,0.277262,0.197207,0.131581,14.154808,10.009393,86.0692,426,1,1.00000omega,0.007091 + -0.00092theta + 0.00206omega + -0.00027theta^2 + 0.00067theta omega + -0.00200omega^2,-0.000826*omega**2 + 9.0e-6*omega*theta - 2.9e-5*omega + 2.0e-6*theta + 1.6e-5
57434,2025-03-12 03:15:00,0.048819,2.075362,1.467909,0.039381,1.874425,1.325711,2616.2007,45,5,1.00000omega,0.001041 + -0.00116theta + 0.00109omega + -0.00001theta^2 + -0.00015theta omega + 0.00013omega^2,0.000119*omega**2 - 5.0e-6*omega*theta + 0.000159*omega - 0.e-6*theta + 2.8e-5
57435,2025-03-12 03:20:00,0.016449,0.363255,0.257124,0.052797,4.194735,2.966360,48.7532,1669,0,1.00000omega,-0.002641 + 0.00003theta + -0.00217omega + -0.00001theta^2 + -0.00002theta omega + 0.00031omega^2,0.000199*omega**2 - 6.4e-5*omega - 8.0e-6
57436,2025-03-12 03:25:00,0.022682,0.869255,0.614865,0.046488,3.314965,2.344265,236.2661,84,5,1.00000omega,0.000371 + 0.00014theta + -0.00031omega + -0.00001theta^2 + 0.00002theta omega + -0.00008omega^2,-5.8e-5*omega**2 - 2.3e-5*omega + 1.0e-6*theta - 9.0e-6
57437,2025-03-12 03:30:00,0.016464,0.501486,0.354795,0.046734,7.109120,5.027016,201.0634,1153,0,1.00000omega,-0.001041 + 0.00003theta + -0.00038omega + -0.00000theta^2 + 0.00000theta omega + 0.00001omega^2,1.3e-5*omega**2 - 1.3e-5*omega - 2.0e-6
57438,2025-03-12 03:35:00,0.040914,0.364419,0.259302,0.167278,6.810510,4.817211,46.8379,711,0,1.00000omega,0.048101 + -0.29444theta + -0.01216omega + -0.05843theta^2 + -0.08968theta omega + 0.16805omega^2,0.048025*omega**2 - 0.000854*omega*theta - 0.021648*omega - 1.9e-5*theta**2 - 0.00125*theta - 0.01942
57439,2025-03-12 03:40:00,0.009337,0.043071,0.031163,0.124408,16.806553,11.884353,3.4827,855,0,1.00000omega,0.000421 + -0.00370theta + -0.00250omega + 0.00132theta^2 + -0.00192theta omega + 0.01821omega^2,0.007327*omega**2 - 2.6e-5*omega*theta - 0.000211*omega + 1.0e-6*theta**2 + 2.0e-6*theta - 5.0e-6
57440,2025-03-12 03:45:00,0.008620,0.168970,0.119635,0.060139,3.120833,2.207172,5.5201,1444,0,1.00000omega,0.006711 + 0.00096theta + -0.00322omega + -0.00018theta^2 + 0.00014theta omega + 0.00072omega^2,0.000401*omega**2 + 3.0e-6*omega*theta - 0.000132*omega + 3.0e-6*theta - 6.0e-6
57441,2025-03-12 03:50:00,nan,nan,nan,nan,nan,nan,11023.9736,17,5,1.00000omega,nan1 + nantheta + nanomega + nantheta^2 + nantheta omega + nanomega^2,N/A
57442,2025-03-12 03:55:00,nan,nan,nan,nan,nan,nan,124.8067,112,5,1.00000omega,nan1 + nantheta + nanomega + nantheta^2 + nantheta omega + nanomega^2,N/A
57443,2025-03-12 04:00:00,0.009119,0.114113,0.080947,0.130219,5.521101,3.905093,-0.0501,1425,0,1.00000omega,0.001531 + -0.39743theta + -0.00566omega + -0.00017theta^2 + 0.03221theta omega + -0.00250omega^2,-0.000738*omega**2 + 0.000317*omega*theta - 0.003892*omega - 0.00044*theta + 0.005159
57444,2025-03-12 04:05:00,0.009249,0.487188,0.344556,0.274687,43.310498,30.625763,1.7881,2929,0,1.00000omega,0.000841 + -0.00015theta + -0.00076omega + 0.00000theta^2 + 0.00007theta omega + -0.00011omega^2,-4.2e-5*omega**2 + 1.0e-6*omega*theta - 4.5e-5*omega + 6.0e-6
57445,2025-03-12 04:10:00,0.013789,0.553781,0.391704,0.065612,2.715985,1.921052,10.8272,1662,0,1.00000omega,0.000481 + -0.00002theta + -0.00213omega + -0.00011theta^2 + -0.00092theta omega + -0.00227omega^2,-0.001141*omega**2 - 1.5e-5*omega*theta + 0.000293*omega + 3.0e-6*theta - 3.3e-5
57446,2025-03-12 04:15:00,0.017354,0.058147,0.042908,0.092798,2.665786,1.886137,12.3216,1189,0,1.00000omega,-0.010461 + -1.02812theta + -0.02112omega + -0.00346theta^2 + -0.00696theta omega + 0.02838omega^2,0.009643*omega**2 - 7.9e-5*omega*theta - 0.000426*omega - 1.0e-6*theta**2 - 0.001133*theta + 0.003974
57447,2025-03-12 04:20:00,0.043490,0.752057,0.532673,0.093650,14.202015,10.042560,218.6013,56,5,1.00000omega,0.009541 + -0.03899theta + 0.00059omega + 0.00051theta^2 + -0.00238theta omega + 0.00111omega^2,0.000496*omega**2 - 3.5e-5*omega*theta + 0.00043*omega - 4.9e-5*theta + 0.000559
57448,2025-03-12 04:25:00,0.009013,0.133817,0.094837,0.084235,6.790850,4.802225,3.0879,2216,0,1.00000omega,0.001661 + -0.00043theta + -0.00538omega + -0.00021theta^2 + 0.00012theta omega + -0.00109omega^2,-0.00044*omega**2 + 2.0e-6*omega*theta - 0.000194*omega + 1.0e-6*theta + 1.0e-6
57449,2025-03-12 04:30:00,0.035297,0.621660,0.440288,0.048763,4.474376,3.164050,278.7148,656,1,1.00000omega,0.001791 + 0.00155theta + -0.03357omega + 0.00006theta^2 + 0.00023theta omega + -0.00353omega^2,-0.002133*omega**2 + 5.0e-6*omega*theta - 0.001231*omega - 1.5e-5
57450,2025-03-12 04:35:00,0.010883,0.293143,0.207426,0.108713,16.462881,11.641268,29.3390,2365,0,1.00000omega,-0.000021 + -0.00024theta + -0.00087omega + -0.00001theta^2 + -0.00004theta omega + -0.00006omega^2,-4.6e-5*omega**2 - 1.0e-6*omega*theta - 7.0e-6*omega + 2.0e-6
57451,2025-03-12 04:40:00,0.022489,0.367971,0.260680,0.091483,7.655842,5.413884,68.7932,644,1,1.00000omega,0.004441 + -0.00446theta + -0.00107omega + -0.00009theta^2 + 0.00001theta omega + 0.00025omega^2,0.000119*omega**2 - 3.8e-5*omega - 3.0e-6*theta + 8.1e-5
57452,2025-03-12 04:45:00,0.008955,0.062921,0.044941,0.114051,3.465582,2.451863,0.1223,1486,0,1.00000omega,0.002921 + -0.30465theta + 0.01876omega + -0.00203theta^2 + -0.00108theta omega + 0.02446omega^2,0.00756*omega**2 - 1.1e-5*omega*theta + 0.00062*omega - 0.e-6*theta**2 - 0.000339*theta - 0.000143
57453,2025-03-12 04:50:00,0.019395,0.167959,0.119554,0.088504,8.428150,5.959931,33.2373,383,0,1.00000omega,0.001101 + -0.01545theta + -0.00220omega + -0.00343theta^2 + 0.00157theta omega + -0.00291omega^2,-0.001245*omega**2 + 2.2e-5*omega*theta - 0.000254*omega - 2.0e-6*theta**2 + 9.0e-6*theta + 3.5e-5
57454,2025-03-12 04:55:00,0.027363,0.261987,0.186260,0.120660,4.249253,3.005887,48.9302,106,5,1.00000omega,-0.009141 + -0.24673theta + -0.00384omega + 0.00156theta^2 + 0.01749theta omega + -0.01301omega^2,-0.004968*omega**2 + 0.000223*omega*theta - 0.003525*omega + 1.0e-6*theta**2 - 0.000294*theta + 0.004311
57455,2025-03-12 05:00:00,0.056274,1.086655,0.769410,0.127752,18.013472,12.737768,596.0269,69,5,1.00000omega,0.000961 + -0.00033theta + 0.00298omega + 0.00004theta^2 + -0.00013theta omega + 0.00004omega^2,2.2e-5*omega**2 - 2.0e-6*omega*theta + 0.000141*omega - 1.0e-6*theta + 1.6e-5
57456,2025-03-12 05:05:00,0.010820,0.244706,0.173202,0.097942,8.593556,6.076956,5.8643,1455,0,1.00000omega,0.000611 + 0.00010theta + 0.00021omega + 0.00042theta^2 + 0.00008theta omega + 0.00082omega^2,0.000341*omega**2 + 1.0e-6*omega*theta - 1.5e-5*omega - 8.0e-6*theta + 7.5e-5
57457,2025-03-12 05:10:00,0.010528,0.154959,0.109826,0.177875,29.180411,20.634050,3.5909,1404,0,1.00000omega,-0.006931 + -0.00109theta + 0.00266omega + -0.00230theta^2 + -0.00041theta omega + -0.00114omega^2,-0.000424*omega**2 - 5.0e-6*omega*theta + 7.2e-5*omega - 0.e-6*theta**2 - 8.0e-6*theta - 3.6e-5
57458,2025-03-12 05:15:00,0.010131,0.132398,0.093893,0.151847,6.756220,4.778576,-0.7693,1456,0,1.00000omega,0.021621 + -0.56340theta + 0.00450omega + -0.10121theta^2 + 0.00200theta omega + 0.03676omega^2,0.008904*omega**2 + 1.6e-5*omega*theta + 3.3e-5*omega - 2.7e-5*theta**2 - 0.00023*theta + 0.003209
57459,2025-03-12 05:20:00,0.012204,0.280435,0.198485,0.111557,5.687591,4.022508,1.4290,1218,0,1.00000omega,0.013931 + -0.18387theta + -0.02132omega + 0.00272theta^2 + 0.00626theta omega + 0.01986omega^2,0.005759*omega**2 + 6.1e-5*omega*theta - 0.00079*omega + 1.0e-6*theta**2 - 0.000207*theta + 0.000324
57460,2025-03-12 05:25:00,0.025535,0.456459,0.323270,0.055947,2.023812,1.431598,100.2492,1274,0,1.00000omega,0.002331 + -0.03832theta + 0.01226omega + -0.00007theta^2 + -0.00017theta omega + 0.00031omega^2,0.000182*omega**2 - 3.0e-6*omega*theta + 0.00048*omega - 4.1e-5*theta + 0.0009
57461,2025-03-12 05:30:00,0.009503,0.096754,0.068745,0.082486,6.533718,4.620404,6.6964,6196,2,1.00000omega,0.004121 + 0.00003theta + -0.00150omega + 0.00020theta^2 + 0.00009theta omega + -0.00000omega^2,1.0e-6*omega*theta - 9.7e-5*omega - 7.0e-6*theta + 0.000117
57462,2025-03-12 05:35:00,0.008842,0.086245,0.061304,0.192388,29.073052,20.558202,0.7571,1171,0,1.00000omega,-0.000631 + -0.00032theta + 0.00343omega + 0.00079theta^2 + -0.00116theta omega + -0.00592omega^2,-0.002078*omega**2 - 1.4e-5*omega*theta + 0.000276*omega - 8.0e-6*theta + 4.6e-5
57463,2025-03-12 05:40:00,0.024607,0.326839,0.231764,0.036163,4.007720,2.834002,379.6912,160,5,1.00000omega,-0.000031 + 0.00031theta + -0.00003omega + -0.00000theta^2 + -0.00002theta omega + -0.00021omega^2,-0.000238*omega**2 - 0.e-6*omega*theta + 1.5e-5*omega - 8.0e-6
57464,2025-03-12 05:45:00,0.009599,0.087685,0.062373,1.239116,71.058872,50.253849,4.3265,2069,0,1.00000omega,0.003811 + -0.01907theta + 0.00080omega + -0.02361theta^2 + 0.00001theta omega + 0.04492omega^2,0.018854*omega**2 + 2.4e-5*omega - 1.1e-5*theta**2 + 0.000433*theta - 0.00423
57465,2025-03-12 05:50:00,0.008185,0.123290,0.087371,0.066570,2.295510,1.623853,5.5315,1167,0,1.00000omega,-0.001901 + -0.00009theta + -0.00207omega + 0.00012theta^2 + -0.00005theta omega + 0.00012omega^2,6.1e-5*omega**2 - 0.e-6*omega*theta - 7.8e-5*omega + 1.0e-6*theta + 3.0e-6
57466,2025-03-12 05:55:00,0.009032,0.271071,0.191782,0.063335,8.002370,5.658708,1.9327,2675,0,1.00000omega,-0.007331 + -0.06673theta + -0.00422omega + 0.00309theta^2 + 0.00030theta omega + 0.00294omega^2,0.001059*omega**2 + 4.0e-6*omega*theta - 0.000201*omega + 1.0e-6*theta**2 - 0.000115*theta + 0.001558
57467,2025-03-12 06:00:00,0.018342,0.324510,0.229829,0.041251,5.754409,4.069086,164.8165,206,5,1.00000omega,-0.000811 + 0.00005theta + -0.00062omega + -0.00001theta^2 + 0.00001theta omega + -0.00092omega^2,-0.000832*omega**2 - 3.0e-5*omega + 1.0e-6*theta - 1.2e-5
57468,2025-03-12 06:05:00,0.008257,0.136921,0.096994,0.083373,11.325789,8.008759,15.7353,2050,0,1.00000omega,-0.002141 + -0.00039theta + 0.00224omega + -0.00023theta^2 + 0.00004theta omega + 0.00055omega^2,0.000422*omega**2 + 1.0e-6*omega*theta + 6.0e-5*omega + 5.0e-6*theta - 3.7e-5
57469,2025-03-12 06:10:00,nan,nan,nan,nan,nan,nan,217.8406,28,5,1.00000omega,nan1 + nantheta + nanomega + nantheta^2 + nantheta omega + nanomega^2,N/A
57470,2025-03-12 06:15:00,0.044287,1.731247,1.224577,0.055752,5.118020,3.619202,1016.3235,40,5,1.00000omega,0.000811 + -0.00021theta + -0.00093omega + 0.00002theta^2 + -0.00002theta omega + -0.00021omega^2,-0.000141*omega**2 - 4.1e-5*omega + 3.0e-6
57471,2025-03-12 06:20:00,0.009063,0.044898,0.032388,0.093928,2.283054,1.615729,2.0778,897,0,1.00000omega,-0.022441 + -0.61787theta + -0.00120omega + 0.00000theta^2 + -0.00109theta omega + -0.00319omega^2,-0.001183*omega**2 - 1.3e-5*omega*theta - 3.0e-6*omega - 0.000687*theta + 0.00183
57472,2025-03-12 06:25:00,0.009405,0.115168,0.081707,0.068970,4.377560,3.095787,2.6280,1875,0,1.00000omega,-0.000491 + -0.12183theta + 0.00643omega + -0.00103theta^2 + 0.00095theta omega + -0.00250omega^2,-0.000951*omega**2 + 1.2e-5*omega*theta + 0.00018*omega - 0.000133*theta + 0.000386
57473,2025-03-12 06:30:00,0.009121,0.044511,0.032128,0.116827,4.357767,3.082513,1.7841,1189,0,1.00000omega,0.012941 + -0.57114theta + 0.00542omega + 0.00002theta^2 + -0.01077theta omega + 0.00284omega^2,0.001033*omega**2 - 0.000131*omega*theta + 0.000634*omega - 0.000635*theta + 0.00224
57474,2025-03-12 06:35:00,nan,nan,nan,nan,nan,nan,36.9947,122,5,1.00000omega,nan1 + nantheta + nanomega + nantheta^2 + nantheta omega + nanomega^2,N/A
57475,2025-03-12 06:40:00,0.012394,0.239040,0.169254,0.116611,5.449122,3.853993,2.9730,1412,0,1.00000omega,-0.000121 + -0.00014theta + -0.00476omega + 0.00015theta^2 + -0.00053theta omega + -0.00108omega^2,-0.000317*omega**2 - 5.0e-6*omega*theta - 8.3e-5*omega - 2.0e-6*theta + 1.2e-5
57476,2025-03-12 06:45:00,0.012645,0.051537,0.037523,0.139908,20.999316,14.849088,8.2502,951,0,1.00000omega,-0.000641 + 0.00099theta + -0.00185omega + 0.00033theta^2 + -0.00048theta omega + -0.00004omega^2,-1.6e-5*omega**2 - 6.0e-6*omega*theta - 1.9e-5*omega - 0.e-6*theta - 3.0e-6
57477,2025-03-12 06:50:00,0.010544,0.052486,0.037854,0.064074,2.403438,1.700091,10.4077,997,0,1.00000omega,-0.000511 + 0.00022theta + 0.00012omega + -0.00067theta^2 + 0.00270theta omega + -0.00165omega^2,-0.000855*omega**2 + 4.7e-5*omega*theta - 0.000325*omega + 6.0e-6*theta - 2.2e-5
57478,2025-03-12 06:55:00,0.009688,0.241777,0.171100,0.054105,8.072085,5.707954,34.7290,2642,0,1.00000omega,0.003751 + -0.00013theta + -0.00299omega + 0.00201theta^2 + -0.00009theta omega + 0.00126omega^2,0.001163*omega**2 - 3.0e-6*omega*theta - 3.9e-5*omega + 2.0e-6*theta**2 - 9.1e-5*theta + 0.001007
57479,2025-03-12 07:00:00,0.052986,0.959562,0.679547,0.095602,5.484990,3.879063,217.0406,41,5,1.00000omega,-0.017561 + -0.00069theta + -0.00695omega + -0.00008theta^2 + 0.00028theta omega + -0.00391omega^2,-0.001397*omega**2 + 3.0e-6*omega*theta - 0.000313*omega + 1.0e-6*theta - 5.5e-5
57480,2025-03-12 07:05:00,0.011242,0.229917,0.162770,0.057512,8.681156,6.138639,41.5428,1994,0,1.00000omega,0.003821 + 0.00015theta + -0.00044omega + 0.00001theta^2 + -0.00001theta omega + -0.00032omega^2,-0.000276*omega**2 - 8.0e-6*omega + 7.0e-6
57481,2025-03-12 07:10:00,0.011476,0.190994,0.135297,0.113388,10.213869,7.222741,4.4278,2022,0,1.00000omega,0.002951 + -0.00036theta + -0.00290omega + -0.00046theta^2 + -0.00190theta omega + 0.00028omega^2,0.000104*omega**2 - 2.3e-5*omega*theta + 0.000235*omega + 5.0e-6*theta - 2.3e-5
57482,2025-03-12 07:15:00,0.011818,0.041512,0.030520,0.125774,5.355582,3.788013,1.6160,1478,0,1.00000omega,-0.001521 + -0.00008theta + 0.00082omega + 0.00001theta^2 + 0.00076theta omega + -0.00132omega^2,-0.000365*omega**2 + 7.0e-6*omega*theta + 0.000119*omega - 7.0e-6
57483,2025-03-12 07:20:00,0.010981,0.115800,0.082250,0.108224,5.955676,4.211994,3.6984,1481,0,1.00000omega,0.000241 + -0.00119theta + 0.00320omega + 0.00094theta^2 + -0.00036theta omega + 0.00081omega^2,0.000284*omega**2 - 4.0e-6*omega*theta + 0.000132*omega - 6.0e-6*theta + 2.2e-5
57484,2025-03-12 07:25:00,0.009447,0.091253,0.064871,0.163868,22.952855,16.230533,3.1854,1048,0,1.00000omega,0.000831 + 0.00150theta + -0.00305omega + 0.00008theta^2 + -0.00034theta omega + -0.00160omega^2,-0.000623*omega**2 - 4.0e-6*omega*theta - 5.8e-5*omega + 1.0e-6*theta - 1.1e-5
57485,2025-03-12 07:30:00,0.014460,0.063282,0.045901,0.186676,5.316626,3.761739,3.9954,1099,0,1.00000omega,-0.009231 + -0.91636theta + -0.00632omega + 0.27467theta^2 + 0.06828theta omega + -0.16812omega^2,-0.047739*omega**2 + 0.000646*omega*theta + 0.003056*omega + 8.7e-5*theta**2 - 0.000142*theta - 0.002969
57486,2025-03-12 07:35:00,0.058758,1.662541,1.176328,0.156797,26.999070,19.091547,1886.0286,24,5,1.00000omega,-0.000941 + -0.00017theta + 0.00394omega + -0.00008theta^2 + 0.00001theta omega + -0.00025omega^2,-0.000176*omega**2 + 0.000136*omega - 3.0e-6*theta - 3.0e-5
57487,2025-03-12 07:40:00,nan,nan,nan,nan,nan,nan,266.7899,48,5,1.00000omega,nan1 + nantheta + nanomega + nantheta^2 + nantheta omega + nanomega^2,N/A
57488,2025-03-12 07:45:00,0.009718,0.021007,0.016367,0.093179,2.272935,1.608557,2.7041,2230,0,1.00000omega,-0.003351 + -0.56853theta + -0.00123omega + 0.19719theta^2 + -0.00089theta omega + 0.01424omega^2,0.005251*omega**2 - 1.1e-5*omega*theta - 7.0e-5*omega + 8.1e-5*theta**2 - 0.000204*theta - 0.001116
57489,2025-03-12 07:50:00,0.011495,0.093501,0.066613,0.143769,15.387971,10.881413,3.7695,1185,0,1.00000omega,0.001411 + -0.00119theta + -0.00092omega + 0.00019theta^2 + -0.00072theta omega + 0.00014omega^2,4.8e-5*omega**2 - 8.0e-6*omega*theta + 5.3e-5*omega - 3.0e-6*theta + 2.6e-5
57490,2025-03-12 07:55:00,0.007904,0.070700,0.050304,0.091677,6.933958,4.903477,2.1970,1431,0,1.00000omega,0.001651 + -0.01503theta + -0.00474omega + -0.00747theta^2 + -0.00051theta omega + -0.00292omega^2,-0.001266*omega**2 - 7.0e-6*omega*theta - 9.1e-5*omega - 4.0e-6*theta**2 + 4.9e-5*theta - 0.000142
57491,2025-03-12 08:00:00,0.011141,0.168205,0.119200,0.104387,8.335863,5.894807,2.2465,2290,0,1.00000omega,0.004631 + -0.00221theta + -0.00208omega + 0.00002theta^2 + 0.00015theta omega + -0.00087omega^2,-0.000282*omega**2 + 2.0e-6*omega*theta - 9.7e-5*omega - 3.0e-6*theta + 6.0e-5
57492,2025-03-12 08:05:00,0.009833,0.115412,0.081904,0.096631,3.014249,2.132491,2.8580,885,0,1.00000omega,0.002051 + -0.00565theta + -0.00945omega + 0.00015theta^2 + 0.06943theta omega + -0.01050omega^2,-0.003821*omega**2 + 0.000842*omega*theta + 0.004855*omega - 6.0e-6*theta - 3.0e-5
57493,2025-03-12 08:10:00,0.010479,0.161888,0.114712,0.079533,8.013104,5.666399,8.4958,1408,0,1.00000omega,-0.000831 + -0.00004theta + -0.00040omega + -0.00003theta^2 + 0.00039theta omega + 0.00288omega^2,0.001343*omega**2 + 6.0e-6*omega*theta + 6.9e-5*omega - 5.0e-6
57494,2025-03-12 08:15:00,0.009205,0.063258,0.045201,0.193236,4.906911,3.472400,-0.2028,1253,0,1.00000omega,-0.023431 + -1.29586theta + -0.01633omega + 0.00429theta^2 + -0.01415theta omega + 0.18341omega^2,0.056173*omega**2 - 0.000144*omega*theta - 0.001292*omega + 1.0e-6*theta**2 - 0.001425*theta - 0.007502
57495,2025-03-12 08:20:00,0.010443,0.065317,0.046772,0.082138,3.544501,2.507013,3.3291,867,0,1.00000omega,-0.012001 + 0.00660theta + -0.00625omega + -0.04709theta^2 + 0.00367theta omega + 0.00008omega^2,2.8e-5*omega**2 + 4.3e-5*omega*theta + 3.9e-5*omega - 1.8e-5*theta**2 - 0.000204*theta - 0.000601
57496,2025-03-12 08:25:00,nan,nan,nan,nan,nan,nan,264.5393,130,5,1.00000omega,nan1 + nantheta + nanomega + nantheta^2 + nantheta omega + nanomega^2,N/A
57497,2025-03-12 08:30:00,0.008136,0.052363,0.037470,0.107609,11.206760,7.924741,1.0991,1775,0,1.00000omega,0.028011 + -0.00107theta + -0.00122omega + 0.00480theta^2 + 0.00370theta omega + 0.00252omega^2,0.000931*omega**2 + 4.6e-5*omega*theta - 0.000397*omega + 2.0e-6*theta**2 - 3.2e-5*theta + 0.000214
57498,2025-03-12 08:35:00,0.009341,0.076111,0.054222,0.124553,16.773454,11.860950,1.0831,2053,0,1.00000omega,-0.003701 + -0.00019theta + -0.00452omega + 0.00029theta^2 + -0.00084theta omega + 0.00013omega^2,4.2e-5*omega**2 - 9.0e-6*omega*theta - 4.4e-5*omega - 3.0e-6*theta + 4.0e-6
57499,2025-03-12 08:40:00,0.008680,0.034530,0.025176,0.113585,3.448711,2.439929,2.2709,1419,0,1.00000omega,0.004731 + -0.74379theta + -0.00589omega + -0.05590theta^2 + 0.03271theta omega + -0.00081omega^2,-0.00031*omega**2 + 0.000417*omega*theta - 0.002053*omega - 2.4e-5*theta**2 - 0.000615*theta + 0.003223
57500,2025-03-12 08:45:00,0.008674,0.153394,0.108639,0.134743,14.600832,10.324787,0.7237,1414,0,1.00000omega,-0.015481 + -0.00236theta + 0.00261omega + -0.00148theta^2 + -0.00147theta omega + -0.00088omega^2,-0.000296*omega**2 - 1.6e-5*omega*theta + 0.000303*omega - 0.e-6*theta**2 + 1.2e-5*theta - 0.000112
57501,2025-03-12 08:50:00,0.010253,0.257944,0.182538,0.048831,3.936399,2.783668,24.3079,2172,0,1.00000omega,0.000381 + -0.00039theta + -0.00214omega + -0.00002theta^2 + 0.00001theta omega + -0.00010omega^2,-6.9e-5*omega**2 - 6.6e-5*omega - 1.0e-6*theta - 1.9e-5
57502,2025-03-12 08:55:00,nan,nan,nan,nan,nan,nan,642.2143,50,5,1.00000omega,nan1 + nantheta + nanomega + nantheta^2 + nantheta omega + nanomega^2,N/A
57503,2025-03-12 09:00:00,0.009479,0.109270,0.077556,0.227989,19.768652,13.979477,-2.0405,2228,0,1.00000omega,0.000801 + -0.00290theta + -0.00090omega + 0.00015theta^2 + -0.00227theta omega + 0.00001omega^2,2.0e-6*omega**2 - 1.6e-5*omega*theta - 0.00022*omega - 2.0e-6*theta - 3.0e-5
57504,2025-03-12 09:05:00,nan,nan,nan,nan,nan,nan,155.1459,16,5,1.00000omega,nan1 + nantheta + nanomega + nantheta^2 + nantheta omega + nanomega^2,N/A
57505,2025-03-12 09:10:00,0.036723,2.978889,2.106552,0.047420,3.219091,2.276488,2938.6584,39,5,1.00000omega,-0.000071 + -0.00008theta + 0.00103omega + -0.00002theta^2 + 0.00000theta omega + 0.00005omega^2,3.9e-5*omega**2 + 3.4e-5*omega - 1.0e-6*theta - 1.8e-5
57506,2025-03-12 09:15:00,0.007265,0.146882,0.103988,0.076404,11.692656,8.268133,31.8851,2888,0,1.00000omega,-0.000711 + -0.00001theta + 0.00063omega + 0.00001theta^2 + 0.00000theta omega + -0.00032omega^2,-0.000346*omega**2 + 2.1e-5*omega + 1.0e-6*theta + 8.0e-6
57507,2025-03-12 09:20:00,0.023681,0.302113,0.214282,0.068495,8.696378,6.149459,99.0436,127,5,1.00000omega,0.000611 + 0.00000theta + 0.00198omega + -0.00030theta^2 + 0.00015theta omega + -0.00007omega^2,-4.3e-5*omega**2 + 3.0e-6*omega*theta + 0.000109*omega - 6.0e-6*theta - 3.9e-5
57508,2025-03-12 09:25:00,0.009997,0.267354,0.189180,0.068554,2.994802,2.118200,7.5754,3135,0,1.00000omega,0.000681 + -0.00049theta + -0.00287omega + -0.00002theta^2 + -0.00005theta omega + 0.00164omega^2,0.000799*omega**2 - 0.e-6*omega*theta - 0.000115*omega - 1.0e-6*theta - 1.7e-5
57509,2025-03-12 09:30:00,0.007159,0.079781,0.056640,0.069148,6.962460,4.923445,6.3073,1752,0,1.00000omega,-0.000641 + 0.00017theta + -0.00001omega + -0.00002theta^2 + -0.00000theta omega + 0.00014omega^2,8.5e-5*omega**2 - 2.0e-6
57510,2025-03-12 09:35:00,0.009601,0.143289,0.101548,0.094735,9.827856,6.949667,7.4800,1551,0,1.00000omega,0.001521 + 0.00242theta + -0.00245omega + 0.00031theta^2 + 0.00034theta omega + -0.00250omega^2,-0.001221*omega**2 + 6.0e-6*omega*theta - 4.0e-6*omega + 7.0e-6*theta + 7.4e-5
57511,2025-03-12 09:40:00,0.011812,0.159112,0.112819,0.057290,1.819152,1.286972,20.8609,1659,0,1.00000omega,-0.000651 + -0.00007theta + 0.00087omega + -0.00003theta^2 + -0.00027theta omega + 0.00091omega^2,0.000535*omega**2 - 5.0e-6*omega*theta - 5.0e-5*omega - 0.e-6*theta - 7.0e-6
57512,2025-03-12 09:45:00,0.023546,0.277903,0.197211,0.073908,3.546278,2.508142,18.1690,512,1,1.00000omega,-0.000741 + -0.00138theta + 0.00185omega + -0.00033theta^2 + 0.00165theta omega + -0.00095omega^2,-0.000443*omega**2 + 2.6e-5*omega*theta + 0.000436*omega - 7.0e-6*theta - 6.1e-5
57513,2025-03-12 09:50:00,0.010632,0.035251,0.026035,0.072374,2.032803,1.438319,7.2822,1190,0,1.00000omega,-0.001291 + -0.00302theta + -0.00697omega + -0.05117theta^2 + -0.00007theta omega + -0.00236omega^2,-0.001041*omega**2 - 1.0e-6*omega*theta - 0.000235*omega - 2.5e-5*theta**2 - 0.000121*theta - 0.000149
57514,2025-03-12 09:55:00,nan,nan,nan,nan,nan,nan,235.5135,31,5,1.00000omega,nan1 + nantheta + nanomega + nantheta^2 + nantheta omega + nanomega^2,N/A
57515,2025-03-12 10:00:00,0.011417,0.082846,0.059134,0.138670,18.436136,13.036686,5.6787,1574,0,1.00000omega,0.001731 + -0.00117theta + -0.01058omega + -0.00013theta^2 + -0.00120theta omega + 0.00013omega^2,4.8e-5*omega**2 - 1.5e-5*omega*theta - 0.000136*omega + 1.3e-5
57516,2025-03-12 10:05:00,nan,nan,nan,nan,nan,nan,388.8697,23,5,1.00000omega,nan1 + nantheta + nanomega + nantheta^2 + nantheta omega + nanomega^2,N/A
57517,2025-03-12 10:10:00,0.008224,0.030105,0.022067,0.146047,3.345939,2.368189,0.1661,1222,0,1.00000omega,-0.001101 + -1.65728theta + -0.01099omega + 0.01447theta^2 + 0.00558theta omega + 0.06784omega^2,0.023117*omega**2 + 6.3e-5*omega*theta - 0.0001*omega + 5.0e-6*theta**2 - 0.001795*theta - 0.007658
57518,2025-03-12 10:15:00,nan,nan,nan,nan,nan,nan,267.7300,17,5,1.00000omega,nan1 + nantheta + nanomega + nantheta^2 + nantheta omega + nanomega^2,N/A
57519,2025-03-12 10:20:00,0.010396,0.123263,0.087470,0.101423,4.850492,3.430565,3.4870,1214,0,1.00000omega,-0.001281 + -0.00118theta + -0.00168omega + 0.00003theta^2 + 0.00011theta omega + -0.00142omega^2,-0.000505*omega**2 + 1.0e-6*omega*theta - 6.8e-5*omega - 2.0e-6*theta + 9.0e-6
57520,2025-03-12 10:25:00,0.007730,0.145278,0.102872,0.157224,20.248577,14.318338,0.7880,1482,0,1.00000omega,-0.010751 + -0.00019theta + -0.00064omega + 0.00010theta^2 + -0.00026theta omega + 0.00080omega^2,0.000297*omega**2 - 3.0e-6*omega*theta + 3.5e-5*omega - 2.0e-6*theta - 1.6e-5
57521,2025-03-12 10:30:00,nan,nan,nan,nan,nan,nan,616.9308,23,5,1.00000omega,nan1 + nantheta + nanomega + nantheta^2 + nantheta omega + nanomega^2,N/A
57522,2025-03-12 10:35:00,nan,nan,nan,nan,nan,nan,877.8454,39,5,1.00000omega,nan1 + nantheta + nanomega + nantheta^2 + nantheta omega + nanomega^2,N/A
57523,2025-03-12 10:40:00,0.010562,0.063654,0.045626,0.173000,22.187299,15.689267,2.2878,1231,0,1.00000omega,-0.002991 + -0.00165theta + -0.00176omega + -0.00094theta^2 + 0.00140theta omega + -0.00321omega^2,-0.001062*omega**2 + 1.5e-5*omega*theta - 0.000202*omega + 5.0e-6*theta - 2.3e-5
57524,2025-03-12 10:45:00,nan,nan,nan,nan,nan,nan,227.1730,39,5,1.00000omega,nan1 + nantheta + nanomega + nantheta^2 + nantheta omega + nanomega^2,N/A
57525,2025-03-12 10:50:00,nan,nan,nan,nan,nan,nan,205.1676,57,5,1.00000omega,nan1 + nantheta + nanomega + nantheta^2 + nantheta omega + nanomega^2,N/A
57526,2025-03-12 10:55:00,0.011172,0.174728,0.123804,0.050432,1.557157,1.101654,25.4053,1947,0,1.00000omega,0.000711 + -0.00012theta + -0.00112omega + 0.00013theta^2 + 0.00019theta omega + 0.00056omega^2,0.000382*omega**2 + 4.0e-6*omega*theta - 0.000113*omega - 4.0e-6*theta + 3.4e-5
57527,2025-03-12 11:00:00,0.010189,0.187348,0.132671,0.110877,7.324156,5.179554,3.2864,1657,0,1.00000omega,-0.001181 + -0.00027theta + 0.00358omega + 0.00001theta^2 + -0.00009theta omega + 0.00026omega^2,9.5e-5*omega**2 - 1.0e-6*omega*theta + 0.00014*omega + 4.0e-6
57528,2025-03-12 11:05:00,0.011558,0.060869,0.043810,0.200460,32.194213,22.765188,8.8794,1715,2,1.00000omega,-0.006511 + -0.00067theta + 0.00211omega + 0.00040theta^2 + -0.00024theta omega + 0.00122omega^2,0.000537*omega**2 - 4.0e-6*omega*theta + 0.000113*omega - 5.0e-6*theta + 2.1e-5
57529,2025-03-12 11:10:00,0.009517,0.222397,0.157403,0.079561,3.865670,2.734020,6.3130,1263,0,1.00000omega,-0.001481 + -0.00106theta + -0.00296omega + -0.00094theta^2 + 0.01879theta omega + 0.00322omega^2,0.001484*omega**2 + 0.000289*omega*theta - 0.003337*omega + 1.0e-5*theta - 5.1e-5
57530,2025-03-12 11:15:00,0.040333,0.597652,0.423565,0.080123,9.990197,7.064363,313.3618,616,0,1.00000omega,0.006171 + -0.00638theta + 0.04861omega + -0.00000theta^2 + -0.00029theta omega + 0.00125omega^2,0.00076*omega**2 - 6.0e-6*omega*theta + 0.001704*omega - 7.0e-6*theta + 0.000112
57531,2025-03-12 11:20:00,0.009608,0.375364,0.265509,0.077734,11.374924,8.043474,14.5027,1556,0,1.00000omega,-0.004761 + -0.00117theta + 0.00441omega + 0.00010theta^2 + 0.00023theta omega + 0.00106omega^2,0.000678*omega**2 + 5.0e-6*omega*theta + 8.2e-5*omega - 3.0e-6*theta + 2.1e-5
57532,2025-03-12 11:25:00,nan,nan,nan,nan,nan,nan,35364.8086,16,5,1.00000omega,nan1 + nantheta + nanomega + nantheta^2 + nantheta omega + nanomega^2,N/A
57533,2025-03-12 11:30:00,0.012416,0.219066,0.155152,0.047612,4.125603,2.917436,46.6446,1829,0,1.00000omega,-0.000091 + -0.00021theta + -0.00202omega + -0.00000theta^2 + -0.00002theta omega + -0.00039omega^2,-0.000323*omega**2 - 0.e-6*omega*theta - 5.6e-5*omega + 5.0e-6
57534,2025-03-12 11:35:00,0.009490,0.103746,0.073665,0.081964,5.485952,3.879587,6.4534,978,0,1.00000omega,0.002631 + -0.00085theta + 0.00094omega + 0.00017theta^2 + -0.00056theta omega + -0.00002omega^2,-9.0e-6*omega**2 - 9.0e-6*omega*theta + 0.00013*omega - 3.0e-6*theta + 2.9e-5
57535,2025-03-12 11:40:00,0.008671,0.062246,0.044440,0.103344,12.281908,8.684928,4.5078,1156,0,1.00000omega,-0.000441 + 0.00015theta + -0.00027omega + 0.00039theta^2 + 0.00010theta omega + -0.00044omega^2,-0.000202*omega**2 + 2.0e-6*omega*theta - 7.0e-6*omega + 1.0e-6*theta
57536,2025-03-12 11:45:00,0.010009,0.080799,0.057570,0.158403,25.725196,18.190805,8.9271,1025,0,1.00000omega,-0.000081 + -0.00293theta + -0.00084omega + 0.00011theta^2 + -0.00011theta omega + 0.00282omega^2,0.00141*omega**2 - 2.0e-6*omega*theta - 1.3e-5*omega - 4.0e-6*theta + 3.0e-5
57537,2025-03-12 11:50:00,0.010215,0.029358,0.021980,0.071795,8.504198,6.013591,10.4793,2510,1,1.00000omega,0.004201 + -0.00306theta + -0.00263omega + -0.00021theta^2 + -0.00017theta omega + 0.00110omega^2,0.000584*omega**2 - 3.0e-6*omega*theta - 8.4e-5*omega - 3.0e-6*theta + 1.3e-5
57538,2025-03-12 11:55:00,0.009794,0.077484,0.055225,0.079479,1.513586,1.071742,5.1388,1325,0,1.00000omega,-0.001051 + -0.00425theta + 0.00037omega + -0.00193theta^2 + 0.00036theta omega + 0.00117omega^2,0.000492*omega**2 + 5.0e-6*omega*theta - 3.2e-5*omega - 0.e-6*theta**2 + 1.1e-5*theta - 3.0e-5
57539,2025-03-12 12:00:00,0.012234,0.067655,0.048615,0.085812,5.682702,4.018735,7.5504,795,0,1.00000omega,0.002611 + 0.00153theta + 0.00036omega + -0.00162theta^2 + 0.00519theta omega + -0.00002omega^2,-8.0e-6*omega**2 + 6.8e-5*omega*theta - 0.00032*omega - 0.e-6*theta**2 + 9.0e-6*theta - 1.8e-5
57540,2025-03-12 12:05:00,0.012106,0.030557,0.023241,0.183410,19.384607,13.707601,3.3756,2349,0,1.00000omega,-0.000691 + 0.00333theta + 0.00013omega + 0.00014theta^2 + 0.00008theta omega + 0.00128omega^2,0.000405*omega**2 + 1.0e-6*omega*theta - 5.0e-6*omega + 3.0e-6*theta - 3.9e-5
57541,2025-03-12 12:10:00,0.011478,0.047693,0.034687,0.099386,2.664426,1.885344,4.4368,766,0,1.00000omega,-0.002471 + -0.59229theta + 0.02759omega + 0.03438theta^2 + -0.00351theta omega + -0.00886omega^2,-0.003155*omega**2 - 4.2e-5*omega*theta + 0.00087*omega + 1.4e-5*theta**2 - 0.000626*theta - 0.000777
57542,2025-03-12 12:15:00,0.010590,0.100717,0.071610,0.081225,3.361299,2.377491,6.6256,1494,1,1.00000omega,-0.002341 + 0.00118theta + -0.01058omega + -0.00024theta^2 + 0.00055theta omega + -0.00038omega^2,-0.000162*omega**2 + 8.0e-6*omega*theta - 0.000429*omega + 4.0e-6*theta - 3.0e-5
57543,2025-03-12 12:20:00,0.009982,0.241886,0.171185,0.118177,14.935755,10.561504,7.2609,1247,0,1.00000omega,-0.000151 + -0.00117theta + -0.00105omega + 0.00013theta^2 + 0.00007theta omega + -0.00024omega^2,-0.000115*omega**2 + 1.0e-6*omega*theta - 4.6e-5*omega - 3.0e-6*theta + 2.0e-5
57544,2025-03-12 12:25:00,nan,nan,nan,nan,nan,nan,517.1464,31,5,1.00000omega,nan1 + nantheta + nanomega + nantheta^2 + nantheta omega + nanomega^2,N/A
57545,2025-03-12 12:30:00,0.011897,0.039024,0.028848,0.108406,1.575629,1.116772,5.5913,1361,0,1.00000omega,0.005291 + -4.10185theta + 0.01748omega + 0.01881theta^2 + -0.11163theta omega + 0.04828omega^2,0.017516*omega**2 - 0.00135*omega*theta + 0.001952*omega + 8.0e-6*theta**2 - 0.004573*theta + 0.004648
57546,2025-03-12 12:35:00,0.008170,0.232630,0.164596,0.076758,2.422425,1.713773,2.8214,1469,0,1.00000omega,-0.001351 + -0.00222theta + -0.00350omega + -0.00028theta^2 + -0.00048theta omega + -0.00096omega^2,-0.00043*omega**2 - 7.0e-6*omega*theta - 4.9e-5*omega + 8.0e-6
57547,2025-03-12 12:40:00,nan,nan,nan,nan,nan,nan,16.1122,85,5,1.00000omega,nan1 + nantheta + nanomega + nantheta^2 + nantheta omega + nanomega^2,N/A
57548,2025-03-12 12:45:00,0.010656,0.070132,0.050160,0.164433,26.374457,18.649920,7.1079,1181,0,1.00000omega,-0.000651 + -0.00137theta + -0.00013omega + -0.00034theta^2 + -0.00020theta omega + -0.00089omega^2,-0.000388*omega**2 - 3.0e-6*omega*theta - 2.3e-5*omega - 4.0e-6*theta - 1.8e-5
57549,2025-03-12 12:50:00,0.010954,0.062578,0.044922,0.105683,15.499121,10.959788,8.0614,1123,0,1.00000omega,-0.001861 + -0.00138theta + 0.00213omega + -0.00067theta^2 + 0.00021theta omega + -0.00645omega^2,-0.002889*omega**2 + 3.0e-6*omega*theta + 8.6e-5*omega - 5.0e-6*theta - 2.0e-5
57550,2025-03-12 12:55:00,0.009159,0.083756,0.059578,0.104594,17.204158,12.165401,7.4147,918,0,1.00000omega,0.000371 + -0.00041theta + 0.00199omega + -0.00004theta^2 + -0.00014theta omega + 0.00119omega^2,0.000606*omega**2 - 2.0e-6*omega*theta + 5.5e-5*omega - 0.e-6*theta - 2.0e-6
57551,2025-03-12 13:00:00,0.028058,0.389258,0.275961,0.084105,11.772170,8.324393,165.5155,1010,1,1.00000omega,-0.000131 + -0.00005theta + 0.00332omega + -0.00003theta^2 + 0.00002theta omega + 0.00011omega^2,4.9e-5*omega**2 + 0.000122*omega - 1.0e-6*theta - 2.3e-5
57552,2025-03-12 13:05:00,0.012692,0.272349,0.192789,0.112151,9.715879,6.870621,6.2848,1897,0,1.00000omega,-0.002051 + 0.00074theta + 0.00094omega + 0.00005theta^2 + 0.00083theta omega + -0.00113omega^2,-0.000395*omega**2 + 1.0e-5*omega*theta + 0.000146*omega + 1.0e-6*theta + 6.0e-6
57553,2025-03-12 13:10:00,0.015093,0.040639,0.030654,nan,nan,nan,7.5781,697,0,1.00000omega,0.012471 + -2.14121theta + 0.01812omega + 1.05482theta^2 + 0.01882theta omega + -0.76702omega^2,-0.248245*omega**2 + 0.000203*omega*theta + 0.001185*omega + 0.000379*theta**2 - 0.000208*theta - 0.003659
57554,2025-03-12 13:15:00,0.009886,0.041822,0.030388,0.125658,3.680823,2.604251,2.9290,1257,0,1.00000omega,0.004071 + -1.02410theta + -0.00327omega + 0.00855theta^2 + -0.02120theta omega + 0.00027omega^2,9.9e-5*omega**2 - 0.00026*omega*theta + 0.000576*omega + 3.0e-6*theta**2 - 0.001156*theta + 0.003032
57555,2025-03-12 13:20:00,nan,nan,nan,nan,nan,nan,122.0155,34,5,1.00000omega,nan1 + nantheta + nanomega + nantheta^2 + nantheta omega + nanomega^2,N/A
57556,2025-03-12 13:25:00,0.009492,0.026155,0.019674,0.093925,1.569455,1.111757,6.5702,1028,0,1.00000omega,0.010951 + -2.54341theta + -0.00254omega + 0.00211theta^2 + 0.00436theta omega + 0.01065omega^2,0.004965*omega**2 + 6.8e-5*omega*theta - 0.000212*omega + 1.0e-6*theta**2 - 0.00283*theta + 0.005341
57557,2025-03-12 13:30:00,0.009339,0.324013,0.229207,0.087872,11.465460,8.107543,14.6439,1956,0,1.00000omega,0.000881 + -0.00157theta + -0.00056omega + -0.00001theta^2 + -0.00003theta omega + 0.00036omega^2,0.000242*omega**2 - 0.e-6*omega*theta - 8.0e-6*omega - 2.0e-6*theta + 2.6e-5
57558,2025-03-12 13:35:00,0.017871,0.202923,0.144044,0.079924,10.506591,7.429497,24.0340,904,5,1.00000omega,0.003861 + 0.00157theta + 0.00331omega + -0.00181theta^2 + -0.00081theta omega + -0.00073omega^2,-0.000401*omega**2 - 1.5e-5*omega*theta + 0.00014*omega - 1.0e-6*theta**2 + 6.0e-6*theta
57559,2025-03-12 13:40:00,0.011309,0.094456,0.067268,0.139140,9.932637,7.024124,4.2027,3076,0,1.00000omega,-0.005651 + -0.06623theta + 0.00158omega + -0.00088theta^2 + -0.00045theta omega + 0.00129omega^2,0.00046*omega**2 - 5.0e-6*omega*theta - 5.9e-5*omega - 8.8e-5*theta - 0.001705
57560,2025-03-12 13:45:00,0.012719,0.059707,0.043167,0.066844,1.383434,0.979376,12.4291,1559,0,1.00000omega,0.011021 + -0.54887theta + 0.01087omega + 0.00356theta^2 + 0.01386theta omega + 0.00165omega^2,0.000745*omega**2 + 0.000209*omega*theta + 0.001129*omega + 2.0e-6*theta**2 - 0.000597*theta - 0.00219
57561,2025-03-12 13:50:00,0.010736,0.196399,0.139083,0.094784,8.571728,6.061497,3.0159,1791,0,1.00000omega,-0.009291 + 0.00113theta + -0.00776omega + -0.00012theta^2 + 0.00780theta omega + -0.01011omega^2,-0.003815*omega**2 + 9.8e-5*omega*theta - 0.000861*omega + 2.0e-6*theta - 3.7e-5
57562,2025-03-12 13:55:00,0.011814,0.287124,0.203199,nan,nan,nan,3.6683,1440,0,1.00000omega,-0.004321 + -0.24089theta + 0.00691omega + -0.10431theta^2 + 0.12633theta omega + 0.36309omega^2,0.131068*omega**2 + 0.00152*omega*theta - 0.017045*omega - 4.2e-5*theta**2 + 0.000683*theta - 0.002375
57563,2025-03-12 14:00:00,0.012889,0.037980,0.028360,0.175050,20.783312,14.696542,2.7178,1547,0,1.00000omega,0.001771 + -0.00166theta + -0.00211omega + 0.00025theta^2 + 0.00126theta omega + 0.00151omega^2,0.000453*omega**2 + 1.3e-5*omega*theta + 0.000211*omega + 2.0e-6*theta + 7.0e-6
57564,2025-03-12 14:05:00,0.011380,0.055505,0.040064,0.096026,11.387971,8.052798,6.1129,1704,0,1.00000omega,0.000111 + 0.00026theta + -0.00082omega + -0.00023theta^2 + -0.00152theta omega + 0.00013omega^2,5.1e-5*omega**2 - 2.0e-5*omega*theta + 0.000109*omega + 2.0e-6*theta - 6.0e-6
57565,2025-03-12 14:10:00,0.013327,0.278636,0.197251,0.091151,14.244380,10.072504,19.9991,2143,0,1.00000omega,0.000831 + -0.00005theta + 0.00064omega + -0.00004theta^2 + 0.00032theta omega + 0.00015omega^2,8.4e-5*omega**2 + 6.0e-6*omega*theta + 0.000167*omega - 1.0e-6*theta - 1.5e-5
57566,2025-03-12 14:15:00,0.010781,0.023370,0.018199,0.091942,3.066836,2.169555,8.3093,1484,1,1.00000omega,-0.001011 + -0.92093theta + -0.02034omega + -0.00019theta^2 + -0.07408theta omega + 0.05369omega^2,0.025177*omega**2 - 0.001158*omega*theta - 0.003655*omega - 0.001024*theta - 0.002634
57567,2025-03-12 14:20:00,0.012721,0.048479,0.035440,0.120997,3.667033,2.594395,5.5897,889,1,1.00000omega,0.000251 + -0.84291theta + -0.05213omega + -0.00642theta^2 + -0.00067theta omega + -0.02417omega^2,-0.008538*omega**2 - 8.0e-6*omega*theta - 0.001694*omega - 3.0e-6*theta**2 - 0.000909*theta + 0.00509
57568,2025-03-12 14:25:00,0.010435,0.038863,0.028454,0.120384,4.125395,2.918336,7.7242,851,0,1.00000omega,-0.009981 + -0.79624theta + -0.01514omega + -0.03512theta^2 + 0.00920theta omega + -0.00760omega^2,-0.003544*omega**2 + 0.000143*omega*theta - 0.000695*omega - 1.8e-5*theta**2 - 0.000836*theta + 0.001122
57569,2025-03-12 14:30:00,0.010821,0.143011,0.101413,0.087741,4.428370,3.131945,4.6619,2697,0,1.00000omega,-0.005491 + 0.00061theta + 0.00231omega + -0.00003theta^2 + 0.00078theta omega + 0.00014omega^2,5.3e-5*omega**2 + 1.0e-5*omega*theta + 0.000155*omega - 1.2e-5
57570,2025-03-12 14:35:00,0.009526,0.037379,0.027276,0.120501,15.564239,11.005909,2.7893,1826,0,1.00000omega,0.001031 + -0.00055theta + -0.00131omega + -0.00008theta^2 + -0.00018theta omega + 0.00038omega^2,0.000142*omega**2 - 2.0e-6*omega*theta - 7.5e-5*omega - 2.0e-6*theta - 1.2e-5
57571,2025-03-12 14:40:00,0.011179,0.067144,0.048131,0.141917,5.511225,3.898317,3.4314,771,0,1.00000omega,0.040421 + -0.80743theta + 0.03267omega + 0.04636theta^2 + 0.03720theta omega + -0.08297omega^2,-0.02789*omega**2 + 0.000417*omega*theta + 0.000254*omega + 1.7e-5*theta**2 - 0.000966*theta + 0.002
57572,2025-03-12 14:45:00,0.010508,0.074218,0.053004,0.095174,2.885504,2.041469,3.0180,1381,0,1.00000omega,0.001071 + -0.00007theta + -0.00100omega + -0.00039theta^2 + -0.00062theta omega + -0.00006omega^2,-2.1e-5*omega**2 - 7.0e-6*omega*theta - 8.8e-5*omega - 2.0e-6*theta - 6.0e-6
57573,2025-03-12 14:50:00,0.011155,0.093578,0.066638,0.194347,22.692548,16.046643,2.7245,1027,0,1.00000omega,-0.001691 + -0.00085theta + -0.00436omega + 0.00085theta^2 + -0.00136theta omega + -0.00045omega^2,-0.00015*omega**2 - 1.5e-5*omega*theta - 0.000116*omega - 2.0e-6*theta - 3.0e-6
57574,2025-03-12 14:55:00,0.010531,0.300641,0.212716,0.111540,6.851951,4.845703,2.9299,1620,0,1.00000omega,0.004801 + -0.00056theta + -0.00076omega + 0.00009theta^2 + 0.00011theta omega + 0.00317omega^2,0.001126*omega**2 + 1.0e-6*omega*theta - 1.0e-6*omega + 1.0e-6*theta + 1.6e-5
57575,2025-03-12 15:00:00,0.011174,0.187010,0.132472,0.227339,32.001956,22.629371,7.8448,2332,0,1.00000omega,-0.000351 + -0.00043theta + -0.00009omega + 0.00009theta^2 + 0.00006theta omega + -0.00045omega^2,-0.00019*omega**2 + 1.0e-6*omega*theta + 9.0e-6*omega + 1.0e-6*theta + 1.0e-6
57576,2025-03-12 15:05:00,nan,nan,nan,nan,nan,nan,37363.6523,16,5,1.00000omega,nan1 + nantheta + nanomega + nantheta^2 + nantheta omega + nanomega^2,N/A
57577,2025-03-12 15:10:00,nan,nan,nan,nan,nan,nan,82225.9609,7,5,1.00000omega,nan1 + nantheta + nanomega + nantheta^2 + nantheta omega + nanomega^2,N/A
57578,2025-03-12 15:15:00,0.013757,0.218466,0.154785,0.045177,3.095904,2.189368,48.9827,3434,0,1.00000omega,0.008481 + -0.00018theta + 0.01266omega + -0.00004theta^2 + -0.01041theta omega + -0.00000omega^2,-0.000264*omega*theta - 0.005996*omega - 2.0e-6*theta - 1.2e-5
57579,2025-03-12 15:20:00,0.040262,1.251086,0.885110,0.038730,2.399116,1.696652,789.6121,80,5,1.00000omega,-0.002411 + 0.00077theta + 0.00264omega + -0.00014theta^2 + -0.00047theta omega + -0.00070omega^2,-0.000563*omega**2 - 1.3e-5*omega*theta - 0.000401*omega - 9.0e-6*theta - 0.000158
57580,2025-03-12 15:25:00,0.039005,3.135522,2.217320,0.138241,21.000230,14.849727,2696.8232,56,5,1.00000omega,0.000601 + 0.00029theta + -0.00164omega + 0.00001theta^2 + 0.00001theta omega + 0.00051omega^2,0.000362*omega**2 - 4.6e-5*omega + 1.0e-6*theta + 2.2e-5
57581,2025-03-12 15:30:00,0.010397,0.140721,0.099776,0.170562,22.161133,15.670751,4.1850,1513,0,1.00000omega,0.001981 + 0.00237theta + -0.00316omega + 0.00047theta^2 + -0.00038theta omega + 0.00037omega^2,0.000144*omega**2 - 5.0e-6*omega*theta - 0.000168*omega + 8.0e-6*theta + 7.2e-5
57582,2025-03-12 15:35:00,0.010394,0.051348,0.037045,0.100581,2.859988,2.023567,3.4228,674,0,1.00000omega,0.010561 + -0.90556theta + -0.03434omega + 0.03129theta^2 + 0.09261theta omega + 0.00433omega^2,0.00169*omega**2 + 0.001205*omega*theta - 0.009256*omega + 1.4e-5*theta**2 - 0.001189*theta + 0.007419
57583,2025-03-12 15:40:00,0.010733,0.138776,0.098422,0.038921,2.764095,1.954704,42.7104,1535,0,1.00000omega,0.001191 + 0.00032theta + 0.00102omega + -0.00001theta^2 + -0.00011theta omega + 0.00044omega^2,0.000399*omega**2 - 3.0e-6*omega*theta + 8.1e-5*omega + 1.0e-6*theta - 6.0e-6
57584,2025-03-12 15:45:00,0.012472,0.059482,0.042975,0.169384,5.733220,4.055768,4.2570,906,0,1.00000omega,0.091681 + -0.99587theta + -0.00790omega + -0.34786theta^2 + -0.02624theta omega + 0.09881omega^2,0.032387*omega**2 - 0.000287*omega*theta + 0.001164*omega - 0.000127*theta**2 + 0.000155*theta + 0.00268
57585,2025-03-12 15:50:00,nan,nan,nan,nan,nan,nan,281.5608,45,5,1.00000omega,nan1 + nantheta + nanomega + nantheta^2 + nantheta omega + nanomega^2,N/A
57586,2025-03-12 15:55:00,0.013135,0.256442,0.181570,0.208736,25.805980,18.248180,2.3167,1590,0,1.00000omega,-0.014631 + -0.00472theta + 0.00098omega + -0.00012theta^2 + -0.00079theta omega + 0.00125omega^2,0.000339*omega**2 - 7.0e-6*omega*theta - 1.3e-5*omega - 6.0e-6*theta - 9.5e-5
57587,2025-03-12 16:00:00,0.056387,1.643774,1.163007,0.089323,4.419382,3.125613,272.9886,54,5,1.00000omega,0.014691 + 0.00126theta + -0.02044omega + 0.00109theta^2 + 0.00025theta omega + 0.00416omega^2,0.001466*omega**2 + 3.0e-6*omega*theta - 0.000609*omega + 2.2e-5*theta + 0.000337
57588,2025-03-12 16:05:00,nan,nan,nan,nan,nan,nan,428.1756,38,5,1.00000omega,nan1 + nantheta + nanomega + nantheta^2 + nantheta omega + nanomega^2,N/A
57589,2025-03-12 16:10:00,0.051647,1.118454,0.791709,0.097447,7.503725,5.306382,402.2041,80,5,1.00000omega,0.001901 + 0.01396theta + 0.00205omega + 0.00005theta^2 + 0.00755theta omega + -0.00136omega^2,-0.000649*omega**2 + 0.00012*omega*theta - 0.001838*omega + 1.5e-5*theta - 0.000235
57590,2025-03-12 16:15:00,nan,nan,nan,nan,nan,nan,50.9385,67,5,1.00000omega,nan1 + nantheta + nanomega + nantheta^2 + nantheta omega + nanomega^2,N/A
57591,2025-03-12 16:20:00,0.010876,0.034245,0.025407,0.099176,4.274891,3.023618,4.2579,1450,0,1.00000omega,-0.003081 + -0.00044theta + -0.00104omega + -0.00021theta^2 + 0.00031theta omega + -0.00118omega^2,-0.000435*omega**2 + 4.0e-6*omega*theta - 7.9e-5*omega + 2.0e-6*theta - 1.5e-5
57592,2025-03-12 16:25:00,0.014463,0.073300,0.052830,0.076808,2.225282,1.574449,9.0902,1095,0,1.00000omega,-0.013501 + -0.41155theta + 0.00061omega + -0.00021theta^2 + 0.00306theta omega + -0.00303omega^2,-0.001089*omega**2 + 3.7e-5*omega*theta - 0.000175*omega - 0.000456*theta + 0.002397
57593,2025-03-12 16:30:00,0.032811,1.277899,0.903909,0.095525,6.915726,4.890623,206.4273,58,5,1.00000omega,0.036251 + -0.00119theta + 0.00062omega + 0.00034theta^2 + -0.00014theta omega + 0.00351omega^2,0.001407*omega**2 - 2.0e-6*omega*theta - 1.4e-5*omega + 4.0e-6*theta + 0.000129
57594,2025-03-12 16:35:00,0.012704,0.179585,0.127303,0.073429,3.189365,2.255819,13.9160,1647,0,1.00000omega,-0.000471 + 0.00017theta + -0.00097omega + -0.00005theta^2 + 0.00019theta omega + -0.00016omega^2,-7.6e-5*omega**2 + 3.0e-6*omega*theta - 6.8e-5*omega + 1.0e-6*theta - 7.0e-6
57595,2025-03-12 16:40:00,0.011885,0.165619,0.117412,0.113074,11.967289,8.462529,8.8036,1436,0,1.00000omega,-0.000631 + 0.00095theta + 0.00259omega + -0.00009theta^2 + -0.00048theta omega + -0.00591omega^2,-0.002555*omega**2 - 7.0e-6*omega*theta + 0.000187*omega + 2.0e-6*theta - 2.6e-5
57596,2025-03-12 16:45:00,0.054987,0.700922,0.497150,0.122429,12.437027,8.794732,154.0417,43,5,1.00000omega,-0.002161 + -0.00595theta + 0.00106omega + -0.00074theta^2 + -0.00248theta omega + 0.00069omega^2,0.000215*omega**2 - 2.6e-5*omega*theta + 0.000338*omega - 0.e-6*theta + 3.5e-5
57597,2025-03-12 16:50:00,0.013303,0.079856,0.057245,0.260609,32.170166,22.748489,1.7384,1429,0,1.00000omega,0.007011 + -0.00095theta + -0.00000omega + -0.00012theta^2 + -0.00273theta omega + 0.00157omega^2,0.00041*omega**2 - 2.4e-5*omega*theta - 0.000112*omega - 1.0e-6*theta + 2.4e-5
57598,2025-03-12 16:55:00,nan,nan,nan,nan,nan,nan,274.9523,33,5,1.00000omega,nan1 + nantheta + nanomega + nantheta^2 + nantheta omega + nanomega^2,N/A
57599,2025-03-12 17:00:00,0.010321,0.099574,0.070786,0.174218,26.371127,18.647610,4.5127,1372,0,1.00000omega,-0.000841 + -0.00063theta + -0.00091omega + 0.00043theta^2 + 0.00048theta omega + -0.00155omega^2,-0.000621*omega**2 + 6.0e-6*omega*theta - 6.6e-5*omega - 3.0e-6*theta + 7.0e-6
57600,2025-03-12 17:05:00,0.019290,0.273848,0.194119,0.118566,16.172259,11.435822,34.9267,571,1,1.00000omega,-0.007611 + 0.00388theta + 0.00053omega + -0.00009theta^2 + 0.00094theta omega + -0.00049omega^2,-0.0002*omega**2 + 1.3e-5*omega*theta - 0.000146*omega + 5.0e-6*theta - 8.3e-5
57601,2025-03-12 17:10:00,0.011244,0.117353,0.083361,0.170621,18.565157,13.128103,4.0797,1516,0,1.00000omega,0.001311 + 0.00331theta + -0.00024omega + 0.00030theta^2 + 0.00038theta omega + -0.00131omega^2,-0.000466*omega**2 + 5.0e-6*omega*theta - 5.6e-5*omega + 1.0e-6*theta - 2.2e-5
57602,2025-03-12 17:15:00,0.034079,1.159687,0.820377,0.107517,4.842613,3.425089,103.4673,42,5,1.00000omega,0.000611 + 0.00014theta + -0.00653omega + 0.00163theta^2 + 0.00285theta omega + 0.01449omega^2,0.004393*omega**2 + 2.9e-5*omega*theta + 0.000331*omega + 1.0e-6*theta**2 + 2.1e-5*theta + 0.000205
57603,2025-03-12 17:20:00,0.010069,0.051269,0.036945,0.117279,16.629804,11.759340,2.8222,636,0,1.00000omega,0.002461 + -0.00008theta + 0.00173omega + 0.00001theta^2 + 0.00562theta omega + 0.00091omega^2,0.000322*omega**2 + 6.6e-5*omega*theta - 0.000489*omega + 9.0e-6
57604,2025-03-12 17:25:00,0.032597,0.357315,0.253709,0.141058,21.069981,14.899060,85.3903,37,5,1.00000omega,-0.001941 + -0.00623theta + 0.00211omega + -0.00181theta^2 + 0.00297theta omega + 0.00008omega^2,3.1e-5*omega**2 + 3.9e-5*omega*theta + 0.00013*omega - 0.e-6*theta**2 - 9.0e-6*theta - 1.8e-5
57605,2025-03-12 17:30:00,nan,nan,nan,nan,nan,nan,256.1212,17,5,1.00000omega,nan1 + nantheta + nanomega + nantheta^2 + nantheta omega + nanomega^2,N/A
57606,2025-03-12 17:35:00,nan,nan,nan,nan,nan,nan,165.5915,24,5,1.00000omega,nan1 + nantheta + nanomega + nantheta^2 + nantheta omega + nanomega^2,N/A
57607,2025-03-12 17:40:00,0.010888,0.122357,0.086862,0.127947,16.490123,11.660629,8.3055,1069,0,1.00000omega,-0.000601 + 0.00011theta + 0.00063omega + -0.00004theta^2 + 0.00836theta omega + -0.00040omega^2,-0.000181*omega**2 + 0.000126*omega*theta + 0.000948*omega - 2.0e-6
57608,2025-03-12 17:45:00,0.010621,0.046143,0.033482,0.065478,1.816787,1.285497,7.1150,991,0,1.00000omega,-0.010631 + -0.39292theta + 0.00613omega + -0.00001theta^2 + 0.00226theta omega + -0.00280omega^2,-0.001262*omega**2 + 3.4e-5*omega*theta + 0.00015*omega - 0.000437*theta + 0.000674
57609,2025-03-12 17:50:00,0.010681,0.197029,0.139525,0.104667,15.880827,11.229684,5.3589,1480,0,1.00000omega,-0.003701 + -0.00251theta + -0.00063omega + -0.00059theta^2 + 0.00365theta omega + 0.00048omega^2,0.000202*omega**2 + 5.1e-5*omega*theta - 0.000574*omega + 3.0e-6*theta - 1.2e-5
57610,2025-03-12 17:55:00,nan,nan,nan,nan,nan,nan,25.1187,103,5,1.00000omega,nan1 + nantheta + nanomega + nantheta^2 + nantheta omega + nanomega^2,N/A
57611,2025-03-12 18:00:00,0.012157,0.122953,0.087365,0.073568,5.526682,3.908300,20.4493,2346,0,1.00000omega,0.003171 + 0.00031theta + 0.01282omega + -0.00019theta^2 + 0.00007theta omega + -0.00124omega^2,-0.000719*omega**2 + 1.0e-6*omega*theta + 0.000447*omega - 3.0e-6*theta - 1.4e-5
57612,2025-03-12 18:05:00,0.014351,0.045478,0.033721,0.072736,1.611825,1.140892,21.2657,2533,0,1.00000omega,-0.003441 + -1.32227theta + -0.00942omega + -0.00353theta^2 + -0.00676theta omega + -0.00556omega^2,-0.002845*omega**2 - 0.000115*omega*theta - 0.000167*omega - 2.0e-6*theta**2 - 0.001464*theta + 0.00186
57613,2025-03-12 18:10:00,0.013560,0.090777,0.064901,0.075520,2.192730,1.551414,13.4568,1103,0,1.00000omega,0.003071 + -0.00047theta + -0.00114omega + 0.00090theta^2 + -0.00029theta omega + 0.00042omega^2,0.000186*omega**2 - 4.0e-6*omega*theta - 7.5e-5*omega + 7.0e-6*theta + 3.6e-5
57614,2025-03-12 18:15:00,0.038866,0.305679,0.217888,0.077903,7.326964,5.181239,161.7344,57,5,1.00000omega,-0.000891 + -0.00517theta + -0.00651omega + -0.00571theta^2 + 0.00226theta omega + -0.00161omega^2,-0.000766*omega**2 + 3.6e-5*omega*theta - 0.000356*omega - 3.0e-6*theta**2 + 1.8e-5*theta - 2.5e-5
57615,2025-03-12 18:20:00,0.015538,0.183471,0.130198,0.103992,13.375704,9.458337,14.3865,1532,0,1.00000omega,0.003591 + -0.00142theta + -0.00077omega + 0.00103theta^2 + 0.00099theta omega + 0.00309omega^2,0.001243*omega**2 + 1.3e-5*omega*theta - 0.000131*omega - 9.0e-6*theta + 5.2e-5
57616,2025-03-12 18:25:00,0.019257,0.332952,0.235826,0.038699,2.185223,1.545428,16.0303,1177,0,1.00000omega,-0.019581 + -0.08599theta + 0.00244omega + -0.00540theta^2 + -0.00242theta omega + -0.00390omega^2,-0.001329*omega**2 - 2.7e-5*omega*theta - 0.000478*omega - 2.0e-6*theta**2 - 0.000179*theta - 0.002855
57617,2025-03-12 18:30:00,0.014005,0.231700,0.164136,0.127273,13.817321,9.770736,14.9504,1351,0,1.00000omega,0.000871 + -0.00041theta + 0.00065omega + -0.00017theta^2 + -0.00010theta omega + -0.00096omega^2,-0.000425*omega**2 - 1.0e-6*omega*theta - 1.2e-5*omega - 4.0e-6*theta - 5.1e-5
57618,2025-03-12 18:35:00,0.011076,0.103093,0.073318,0.141518,12.499160,8.838807,4.2703,1565,0,1.00000omega,-0.007211 + 0.00092theta + 0.01795omega + -0.00057theta^2 + -0.00038theta omega + 0.00111omega^2,0.00041*omega**2 - 5.0e-6*omega*theta + 0.000537*omega - 5.0e-6*theta - 4.9e-5
57619,2025-03-12 18:40:00,0.019623,0.142068,0.101411,0.757491,20.849119,14.752280,-19.5968,496,0,1.00000omega,0.003281 + -0.17340theta + 0.00562omega + 0.09794theta^2 + 0.00509theta omega + -0.00193omega^2,-0.000666*omega**2 + 5.9e-5*omega*theta + 6.0e-6*omega + 3.8e-5*theta**2 - 0.000425*theta + 0.000964
57620,2025-03-12 18:45:00,0.027654,0.208471,0.148703,0.114256,8.119513,5.741931,12.8838,1412,0,1.00000omega,-0.004801 + -0.00214theta + -0.00198omega + 0.00006theta^2 + 0.00035theta omega + 0.00084omega^2,0.000274*omega**2 + 4.0e-6*omega*theta + 1.9e-5*omega - 1.0e-6*theta - 5.9e-5
57621,2025-03-12 18:50:00,nan,nan,nan,nan,nan,nan,92.1446,43,5,1.00000omega,nan1 + nantheta + nanomega + nantheta^2 + nantheta omega + nanomega^2,N/A
57622,2025-03-12 18:55:00,0.033060,0.686174,0.485761,0.224299,35.888503,25.377500,317.2676,761,1,1.00000omega,0.000301 + -0.00056theta + 0.00274omega + -0.00002theta^2 + 0.00003theta omega + -0.00054omega^2,-0.00036*omega**2 + 1.0e-6*omega*theta + 0.000107*omega - 1.0e-6*theta - 2.1e-5
57623,2025-03-12 19:00:00,0.031223,0.955468,0.675979,0.053399,7.963770,5.631362,724.3094,71,5,1.00000omega,0.002411 + -0.00228theta + -0.00066omega + 0.00028theta^2 + 0.00021theta omega + -0.00012omega^2,-0.000109*omega**2 + 6.0e-6*omega*theta + 0.000144*omega + 1.2e-5*theta + 0.000129
57624,2025-03-12 19:05:00,nan,nan,nan,nan,nan,nan,291.1725,17,5,1.00000omega,nan1 + nantheta + nanomega + nantheta^2 + nantheta omega + nanomega^2,N/A
57625,2025-03-12 19:10:00,0.009106,0.084707,0.060242,0.111255,13.154458,9.301939,2.3593,2003,0,1.00000omega,-0.000241 + -0.00039theta + 0.00132omega + -0.00050theta^2 + 0.00021theta omega + -0.00449omega^2,-0.001701*omega**2 + 3.0e-6*omega*theta + 6.9e-5*omega - 4.0e-6*theta - 2.4e-5
57626,2025-03-12 19:15:00,nan,nan,nan,nan,nan,nan,46.5885,56,5,1.00000omega,nan1 + nantheta + nanomega + nantheta^2 + nantheta omega + nanomega^2,N/A
57627,2025-03-12 19:20:00,0.013974,0.038978,0.029279,2.927704,38.855038,27.552544,6.7099,1499,0,1.00000omega,-0.014091 + -0.51009theta + -0.00919omega + 0.31111theta^2 + -0.00649theta omega + -0.03416omega^2,-0.011363*omega**2 - 7.2e-5*omega*theta - 0.000682*omega + 0.000115*theta**2 + 0.000632*theta + 0.000124
57628,2025-03-12 19:25:00,0.013891,0.092961,0.066463,nan,nan,nan,3.5792,996,0,1.00000omega,0.075541 + -0.63310theta + 0.01308omega + -0.42345theta^2 + 0.03693theta omega + 0.01059omega^2,0.002963*omega**2 + 0.000344*omega*theta - 0.001185*omega - 0.000132*theta**2 + 0.000535*theta + 0.000695
57629,2025-03-12 19:30:00,0.011675,0.028700,0.021909,nan,nan,nan,5.2101,1341,0,1.00000omega,-0.590971 + -0.54052theta + 0.00695omega + 0.60291theta^2 + -0.06332theta omega + 0.07910omega^2,0.02889*omega**2 - 0.000771*omega*theta - 0.004754*omega + 0.000245*theta**2 + 0.002564*theta + 0.004552
57630,2025-03-12 19:35:00,0.012793,0.070519,0.050678,nan,nan,nan,5.3335,1977,0,1.00000omega,0.184791 + -0.97183theta + 0.05679omega + -0.01075theta^2 + 0.54745theta omega + 0.05403omega^2,0.018126*omega**2 + 0.006122*omega*theta - 0.040377*omega - 4.0e-6*theta**2 - 0.001024*theta + 0.007877
57631,2025-03-12 19:40:00,0.030077,0.527654,0.373713,0.230351,33.965191,24.017569,50.5264,100,5,1.00000omega,-0.001181 + 0.00089theta + -0.00361omega + -0.00028theta^2 + -0.00108theta omega + -0.00184omega^2,-0.000575*omega**2 - 1.1e-5*omega*theta + 0.000163*omega + 6.0e-6*theta - 9.1e-5
57632,2025-03-12 19:45:00,0.012218,0.097962,0.069807,0.140833,20.166060,14.259906,-288.2639,880,0,1.00000omega,-0.000871 + 0.00061theta + -0.00162omega + -0.00038theta^2 + -0.00026theta omega + -0.00088omega^2,-0.000415*omega**2 - 4.0e-6*omega*theta - 7.1e-5*omega - 0.e-6*theta - 3.0e-6
57633,2025-03-12 19:50:00,0.012069,0.046282,0.033821,0.135652,17.593686,12.440984,8.0500,1038,0,1.00000omega,0.000521 + 0.00665theta + 0.00517omega + 0.00254theta^2 + 0.00048theta omega + -0.00155omega^2,-0.000644*omega**2 + 7.0e-6*omega*theta + 0.000203*omega + 1.0e-6*theta**2 + 1.8e-5*theta + 6.0e-5
57634,2025-03-12 19:55:00,0.009755,0.042170,0.030606,0.082419,1.724199,1.220585,1.9008,797,0,1.00000omega,-0.000951 + -1.11209theta + 0.00769omega + 0.00178theta^2 + 0.02550theta omega + -0.01770omega^2,-0.006249*omega**2 + 0.0003*omega*theta + 0.000648*omega + 1.0e-6*theta**2 - 0.001234*theta - 0.001614
57635,2025-03-12 20:00:00,0.044463,0.796409,0.564023,0.113236,15.885009,11.232683,222.0440,22,5,1.00000omega,-0.001621 + 0.00222theta + -0.00077omega + 0.00047theta^2 + -0.00311theta omega + -0.00356omega^2,-0.001473*omega**2 - 4.3e-5*omega*theta + 8.6e-5*omega + 1.0e-6*theta - 9.0e-6
57636,2025-03-12 20:05:00,nan,nan,nan,nan,nan,nan,37.0882,82,5,1.00000omega,nan1 + nantheta + nanomega + nantheta^2 + nantheta omega + nanomega^2,N/A
57637,2025-03-12 20:10:00,nan,nan,nan,nan,nan,nan,496.0409,25,5,1.00000omega,nan1 + nantheta + nanomega + nantheta^2 + nantheta omega + nanomega^2,N/A
57638,2025-03-12 20:15:00,0.017025,0.100767,0.072263,0.118509,5.218332,3.690869,4.2807,1400,0,1.00000omega,0.005971 + -0.36620theta + 0.00884omega + 0.00001theta^2 + 0.00668theta omega + 0.00111omega^2,0.000271*omega**2 + 5.4e-5*omega*theta + 0.00013*omega - 0.000407*theta + 0.00126
57639,2025-03-12 20:20:00,0.010806,0.025652,0.019683,nan,nan,nan,4.0120,1182,0,1.00000omega,-0.037901 + -0.10730theta + 0.00018omega + 1.13036theta^2 + -0.46913theta omega + -0.30752omega^2,-0.110966*omega**2 - 0.005643*omega*theta + 0.012933*omega + 0.000453*theta**2 - 0.002196*theta + 0.002535
